bandwidth:
  mean: 1019.8970794938352
  std: 246.82156166917892
duration:
  mean: 0.09197873701622324
  std: 0.019943076189245984
